ED_oracle: 0.410915
ED_WK: 0.410915
ED_RW: 0.502564
ED_BHRK: 0.410915
ED_GBTRM_1: 0.405517
ED_GBTRM_2: 0.285992
ED_GBTRM_3: 0.405517
ED_GBTRM_4: 0.285992
ED_GBTRM_5: 0.285992
DTW_oracle: -1
DTW_WK: -1
DTW_RW: 0.285992
DTW_BHRK: -1
DTW_GBTRM_1: 0.404959
DTW_GBTRM_2: -1
DTW_GBTRM_3: 0.404959
DTW_GBTRM_4: -1
DTW_GBTRM_5: -1
DTWD_oracle: -1
DTWD_WK: 0.458636
DTWD_RW: -1
DTWD_BHRK: -1
DTWD_GBTRM_1: 0.285992
DTWD_GBTRM_2: 0.378135
DTWD_GBTRM_3: 0.285992
DTWD_GBTRM_4: 0.285992
DTWD_GBTRM_5: 0.378135
