ED_oracle: 0.571429
ED_WK: 0.2
ED_RW: 0.1
ED_BHRK: 0.1
ED_GBTRM_1: 0.564103
ED_GBTRM_2: 0.606061
ED_GBTRM_3: 0.606061
ED_GBTRM_4: 0.606061
ED_GBTRM_5: 0.564103
DTW_oracle: 0.705882
DTW_WK: 0.333333
DTW_RW: 0.285714
DTW_BHRK: 0.285714
DTW_GBTRM_1: 0.590909
DTW_GBTRM_2: 0.590909
DTW_GBTRM_3: 0.590909
DTW_GBTRM_4: 0.590909
DTW_GBTRM_5: 0.590909
DTWD_oracle: 0.645161
DTWD_WK: 0.416667
DTWD_RW: 0.530612
DTWD_BHRK: 0.64
DTWD_GBTRM_1: 0.606061
DTWD_GBTRM_2: 0.606061
DTWD_GBTRM_3: 0.606061
DTWD_GBTRM_4: 0.606061
DTWD_GBTRM_5: 0.606061
