ED_oracle: 0.410915
ED_WK: 0.171315
ED_RW: 0.502564
ED_BHRK: 0.191344
ED_GBTRM_1: 0.405517
ED_GBTRM_2: 0.405517
ED_GBTRM_3: 0.405517
ED_GBTRM_4: 0.405517
ED_GBTRM_5: 0.405517
DTW_oracle: 0.330935
DTW_WK: 0.316151
DTW_RW: 0.632439
DTW_BHRK: 0.234043
DTW_GBTRM_1: 0.404959
DTW_GBTRM_2: 0.330909
DTW_GBTRM_3: 0.404959
DTW_GBTRM_4: 0.330909
DTW_GBTRM_5: 0.404959
DTWD_oracle: 0.471831
DTWD_WK: 0.389381
DTWD_RW: 0.364929
DTWD_BHRK: 0.364929
DTWD_GBTRM_1: 0.378135
DTWD_GBTRM_2: 0.378135
DTWD_GBTRM_3: 0.378135
DTWD_GBTRM_4: 0.378135
DTWD_GBTRM_5: 0.378135
